# Created by Octave 5.1.0, Thu Feb 28 15:03:58 2019 GMT <unknown@LAPTOP-BOURASSA>
# name: test
# type: matrix
# rows: 626
# columns: 4
 3 44379.116670000003 44379.120139999999 317
 1 44379.179859999997 44379.182639999999 338
 3 44379.182639999999 44379.1875 384
 1 44379.246529999997 44379.25 364
 3 44379.25 44379.25417 364
 4 44379.309029999997 44379.311110000002 299
 2 44379.311110000002 44379.313889999998 352
 1 44379.313889999998 44379.31667 274
 3 44379.31667 44379.321530000001 383
 4 44379.375 44379.377079999998 385
 2 44379.377079999998 44379.381249999999 385
 1 44379.381249999999 44379.384030000001 314
 3 44379.384030000001 44379.388189999998 339
 4 44379.442360000001 44379.444439999999 373
 2 44379.444439999999 44379.447919999999 383
 1 44379.447919999999 44379.452080000003 386
 4 44379.509030000001 44379.511109999999 386
 2 44379.511109999999 44379.514580000003 315
 1 44379.51597 44379.517359999998 124
 4 44379.576390000002 44379.579859999998 327
 3 44380.07847 44380.080560000002 197
 1 44380.141669999997 44380.143750000003 225
 3 44380.143750000003 44380.148609999997 383
 1 44380.206939999996 44380.211109999997 382
 3 44380.211109999997 44380.215279999997 368
 4 44380.271529999998 44380.272219999999 153
 2 44380.272219999999 44380.275000000001 307
 1 44380.275000000001 44380.277779999997 299
 3 44380.277779999997 44380.282639999998 374
 4 44380.336810000001 44380.338889999999 380
 2 44380.338889999999 44380.342360000002 382
 1 44380.342360000002 44380.345139999998 283
 3 44380.345139999998 44380.349309999998 376
 4 44380.403469999997 44380.405559999999 376
 2 44380.405559999999 44380.409030000003 386
 1 44380.409030000003 44380.413189999999 375
 4 44380.470139999998 44380.472220000003 380
 2 44380.472220000003 44380.475689999999 356
 1 44380.475689999999 44380.479859999999 309
 4 44380.537499999999 44380.541669999999 369
 3 44381.105560000004 44381.10972 365
 1 44381.168060000004 44381.17222 378
 3 44381.17222 44381.176390000001 376
 2 44381.23403 44381.235419999997 211
 1 44381.235419999997 44381.238890000001 333
 3 44381.238890000001 44381.243750000001 366
 4 44381.297919999997 44381.300000000003 356
 2 44381.300000000003 44381.303469999999 373
 1 44381.303469999999 44381.306250000001 267
 3 44381.306250000001 44381.310420000002 386
 4 44381.364580000001 44381.366670000003 382
 2 44381.366670000003 44381.370139999999 386
 1 44381.370139999999 44381.373610000002 347
 3 44381.373610000002 44381.376389999998 253
 4 44381.431250000001 44381.43333 374
 2 44381.43333 44381.436809999999 375
 1 44381.436809999999 44381.440970000003 370
 4 44381.498610000002 44381.500690000001 385
 2 44381.500690000001 44381.503470000003 230
 4 44381.565970000003 44381.568749999999 230
 3 44382.06667 44382.070140000003 315
 1 44382.129860000001 44382.133329999997 336
 3 44382.133329999997 44382.137499999997 384
 1 44382.196530000001 44382.199999999997 364
 3 44382.199999999997 44382.204169999997 363
 4 44382.259720000002 44382.261109999999 296
 2 44382.261109999999 44382.263890000002 351
 1 44382.263890000002 44382.267359999998 274
 3 44382.267359999998 44382.271529999998 383
 4 44382.325689999998 44382.32778 385
 2 44382.32778 44382.331250000003 385
 1 44382.331250000003 44382.334029999998 312
 3 44382.334029999998 44382.338190000002 340
 4 44382.392359999998 44382.394439999996 373
 2 44382.394439999996 44382.397920000003 383
 1 44382.397920000003 44382.40208 386
 4 44382.459719999999 44382.461109999997 385
 2 44382.461109999997 44382.465279999997 316
 1 44382.465969999997 44382.467360000002 135
 4 44382.526389999999 44382.530559999999 328
 3 44383.028469999997 44383.03125 191
 1 44383.091670000002 44383.094440000001 219
 3 44383.094440000001 44383.098610000001 383
 1 44383.157639999998 44383.161110000001 382
 3 44383.161110000001 44383.165280000001 368
 4 44383.221530000003 44383.22292 143
 2 44383.22292 44383.224999999999 305
 1 44383.224999999999 44383.228470000002 300
 3 44383.228470000002 44383.232640000002 374
 4 44383.286809999998 44383.288890000003 379
 2 44383.288890000003 44383.292359999999 381
 1 44383.292359999999 44383.295140000002 282
 3 44383.295140000002 44383.299310000002 376
 4 44383.353470000002 44383.355560000004 376
 2 44383.355560000004 44383.35903 385
 1 44383.35903 44383.363189999996 374
 4 44383.420830000003 44383.42222 380
 2 44383.42222 44383.426390000001 356
 1 44383.426390000001 44383.429859999997 312
 4 44383.487500000003 44383.491670000003 370
 3 44384.055560000001 44384.059719999997 364
 1 44384.118750000001 44384.122219999997 377
 3 44384.122219999997 44384.126389999998 376
 2 44384.184719999997 44384.185420000002 206
 1 44384.185420000002 44384.189579999998 334
 3 44384.189579999998 44384.193749999999 365
 4 44384.247920000002 44384.25 354
 2 44384.25 44384.253470000003 372
 1 44384.253470000003 44384.256249999999 266
 3 44384.256249999999 44384.260419999999 386
 4 44384.314579999998 44384.31667 381
 2 44384.31667 44384.320140000003 385
 1 44384.320140000003 44384.323609999999 346
 3 44384.323609999999 44384.326390000002 256
 4 44384.381939999999 44384.383329999997 374
 2 44384.383329999997 44384.386810000004 375
 1 44384.386810000004 44384.39097 371
 4 44384.448609999999 44384.450689999998 385
 2 44384.450689999998 44384.45347 234
 4 44384.51597 44384.518750000003 234
 3 44385.016669999997 44385.020830000001 312
 1 44385.079859999998 44385.083330000001 333
 3 44385.083330000001 44385.087500000001 383
 1 44385.146529999998 44385.150000000001 365
 3 44385.150000000001 44385.154170000002 363
 4 44385.209719999999 44385.211109999997 293
 2 44385.211109999997 44385.213889999999 349
 1 44385.213889999999 44385.217360000002 274
 3 44385.217360000002 44385.221530000003 382
 4 44385.275690000002 44385.277779999997 385
 2 44385.277779999997 44385.28125 384
 1 44385.28125 44385.284030000003 311
 3 44385.284030000003 44385.288189999999 341
 4 44385.342360000002 44385.344440000001 372
 2 44385.344440000001 44385.34792 383
 1 44385.34792 44385.352780000001 385
 4 44385.409720000003 44385.411110000001 385
 2 44385.411110000001 44385.415280000001 317
 1 44385.415970000002 44385.417359999999 145
 4 44385.476390000003 44385.480560000004 329
 3 44385.979169999999 44385.981249999997 183
 1 44386.041669999999 44386.044439999998 212
 3 44386.044439999998 44386.048609999998 382
 1 44386.107640000002 44386.111109999998 382
 3 44386.111109999998 44386.115279999998 367
 4 44386.17153 44386.172919999997 132
 2 44386.172919999997 44386.175000000003 302
 1 44386.175000000003 44386.178469999999 300
 3 44386.178469999999 44386.182639999999 373
 4 44386.236810000002 44386.238890000001 378
 2 44386.238890000001 44386.242359999997 381
 1 44386.242359999997 44386.245139999999 280
 3 44386.245139999999 44386.249309999999 376
 4 44386.303469999999 44386.305560000001 375
 2 44386.305560000001 44386.309029999997 385
 1 44386.309029999997 44386.313190000001 373
 4 44386.37083 44386.372219999997 379
 2 44386.372219999997 44386.376389999998 357
 1 44386.376389999998 44386.379860000001 314
 4 44386.4375 44386.44167 370
 3 44387.005559999998 44387.009720000002 362
 1 44387.068749999999 44387.072220000002 376
 3 44387.072220000002 44387.076390000002 376
 2 44387.134720000002 44387.135419999999 200
 1 44387.135419999999 44387.139580000003 335
 3 44387.139580000003 44387.143750000003 365
 4 44387.197919999999 44387.199999999997 352
 2 44387.199999999997 44387.20347 371
 1 44387.20347 44387.206250000003 266
 3 44387.206250000003 44387.210420000003 385
 4 44387.264580000003 44387.266669999997 381
 2 44387.266669999997 44387.270140000001 385
 1 44387.270140000001 44387.273609999997 344
 3 44387.273609999997 44387.276389999999 260
 4 44387.331939999996 44387.333330000001 373
 2 44387.333330000001 44387.336810000001 375
 1 44387.336810000001 44387.341670000002 371
